[0.21981136 0.20282209 0.19108527 0.18133576 0.172865   0.16533271
 0.15853701 0.1523439  0.14665797 0.14140784 0.13653822 0.13200509
 0.12777259 0.12381108 0.12009564 0.1166051  0.11332126 0.11022837
 0.1073127  0.10456217 0.1019661  0.09951502 0.09720048 0.09501493
 0.09295155 0.09100422 0.08916742 0.08743614 0.08580583 0.08427236
 0.08283199 0.0814813  0.08021719 0.07903682 0.07793762 0.07691725
 0.07597358 0.0751047  0.07430886 0.0735845  0.07293021 0.07234475
 0.07182702 0.07137605 0.07099101 0.0706712  0.07041604 0.07022507
 0.07009795 0.07003444 0.07003444 0.07009795 0.07022507 0.07041604
 0.0706712  0.07099101 0.07137605 0.07182702 0.07234475 0.07293021
 0.0735845  0.07430886 0.0751047  0.07597358 0.07691725 0.07793762
 0.07903682 0.08021719 0.0814813  0.08283199 0.08427236 0.08580583
 0.08743614 0.08916742 0.09100422 0.09295155 0.09501493 0.09720048
 0.09951502 0.1019661  0.10456217 0.1073127  0.11022837 0.11332126
 0.11660509 0.12009564 0.12381108 0.12777259 0.13200509 0.13653822
 0.14140784 0.14665797 0.1523439  0.15853701 0.16533271 0.172865
 0.18133576 0.19108527 0.20282209 0.21981136]
[0.20282209 0.19068297 0.18064474 0.17194455 0.16422101 0.15726117
 0.15092433 0.14511058 0.13974541 0.1347712  0.13014213 0.125821
 0.12177702 0.11798439 0.11442117 0.11106856 0.10791028 0.10493213
 0.10212166 0.09946785 0.09696093 0.09459219 0.09235383 0.09023886
 0.08824095 0.08635441 0.08457407 0.08289524 0.08131368 0.0798255
 0.07842718 0.0771155  0.07588753 0.07474059 0.07367227 0.07268033
 0.07176277 0.07091776 0.07014365 0.06943896 0.06880235 0.06823264
 0.06772878 0.06728985 0.06691506 0.06660375 0.06635535 0.06616943
 0.06604566 0.06598383 0.06598383 0.06604566 0.06616943 0.06635535
 0.06660375 0.06691506 0.06728985 0.06772878 0.06823264 0.06880235
 0.06943896 0.07014365 0.07091776 0.07176277 0.07268033 0.07367227
 0.07474059 0.07588753 0.0771155  0.07842718 0.0798255  0.08131368
 0.08289524 0.08457407 0.08635441 0.08824095 0.09023886 0.09235383
 0.09459219 0.09696093 0.09946785 0.10212166 0.10493213 0.10791028
 0.11106856 0.11442117 0.11798439 0.12177702 0.125821   0.13014213
 0.1347712  0.13974541 0.14511058 0.15092433 0.15726117 0.16422101
 0.17194455 0.18064474 0.19068297 0.20282209]
[0.19108527 0.18064474 0.17164025 0.16367096 0.15650499 0.14999083
 0.14402169 0.13851841 0.13342    0.12867816 0.12425376 0.12011453
 0.11623345 0.11258761 0.1091574  0.10592586 0.10287822 0.10000153
 0.09728437 0.09471658 0.09228916 0.089994   0.08782386 0.08577221
 0.08383313 0.08200128 0.08027182 0.07864034 0.07710281 0.07565559
 0.07429533 0.073019   0.07182381 0.07070722 0.06966693 0.06870083
 0.06780701 0.06698372 0.06622939 0.06554261 0.06492211 0.06436675
 0.06387553 0.06344758 0.06308214 0.06277857 0.06253633 0.06235502
 0.06223432 0.06217402 0.06217402 0.06223432 0.06235502 0.06253633
 0.06277857 0.06308214 0.06344758 0.06387553 0.06436675 0.06492211
 0.06554261 0.06622939 0.06698372 0.06780701 0.06870083 0.06966693
 0.07070722 0.07182381 0.073019   0.07429533 0.07565559 0.07710281
 0.07864034 0.08027182 0.08200128 0.08383313 0.08577221 0.08782386
 0.089994   0.09228916 0.09471658 0.09728437 0.10000153 0.10287822
 0.10592586 0.1091574  0.11258761 0.11623345 0.12011453 0.12425376
 0.12867816 0.13342    0.13851841 0.14402169 0.14999083 0.15650499
 0.16367096 0.17164025 0.18064474 0.19108527]
[0.18133576 0.17194455 0.16367096 0.15625445 0.14952784 0.14337473
 0.13770955 0.13246684 0.12759502 0.12305248 0.11880502 0.1148241
 0.11108559 0.10756887 0.10425614 0.10113193 0.09818271 0.09539652
 0.09276281 0.09027215 0.08791613 0.0856872  0.08357857 0.08158409
 0.07969822 0.07791591 0.07623257 0.07464405 0.07314654 0.07173656
 0.07041095 0.06916681 0.0680015  0.06691259 0.06589789 0.06495539
 0.06408325 0.06327981 0.06254358 0.06187319 0.06126742 0.0607252
 0.06024556 0.05982766 0.05947078 0.0591743  0.05893772 0.05876063
 0.05864274 0.05858385 0.05858385 0.05864274 0.05876063 0.05893772
 0.0591743  0.05947078 0.05982766 0.06024556 0.0607252  0.06126742
 0.06187319 0.06254358 0.06327981 0.06408325 0.06495539 0.06589789
 0.06691259 0.0680015  0.06916681 0.07041095 0.07173656 0.07314654
 0.07464405 0.07623257 0.07791591 0.07969822 0.08158409 0.08357857
 0.0856872  0.08791613 0.09027215 0.09276281 0.09539652 0.09818271
 0.10113193 0.10425614 0.10756887 0.11108559 0.1148241  0.11880502
 0.12305248 0.12759502 0.13246684 0.13770955 0.14337473 0.14952784
 0.15625445 0.16367096 0.17194455 0.18133576]
[0.172865   0.16422101 0.15650499 0.14952784 0.14316011 0.1373078
 0.13189962 0.12687981 0.12220362 0.11783447 0.11374194 0.10990039
 0.10628798 0.10288591 0.09967787 0.09664962 0.09378862 0.09108377
 0.08852521 0.08610415 0.08381269 0.08164374 0.07959088 0.07764833
 0.07581084 0.07407362 0.07243232 0.07088299 0.06942201 0.06804606
 0.06675213 0.06553745 0.0643995  0.06333595 0.06234471 0.06142385
 0.06057161 0.05978639 0.05906677 0.05841143 0.05781921 0.05728906
 0.05682006 0.05641141 0.0560624  0.05577245 0.05554107 0.05536787
 0.05525256 0.05519496 0.05519496 0.05525256 0.05536787 0.05554107
 0.05577245 0.0560624  0.05641141 0.05682006 0.05728906 0.05781921
 0.05841143 0.05906677 0.05978639 0.06057161 0.06142385 0.06234471
 0.06333595 0.0643995  0.06553745 0.06675213 0.06804606 0.06942201
 0.07088299 0.07243232 0.07407362 0.07581084 0.07764833 0.07959088
 0.08164374 0.08381269 0.08610415 0.08852521 0.09108377 0.09378862
 0.09664962 0.09967787 0.10288591 0.10628798 0.10990039 0.11374194
 0.11783447 0.12220362 0.12687981 0.13189962 0.1373078  0.14316011
 0.14952784 0.15650499 0.16422101 0.172865  ]
[0.16533271 0.15726117 0.14999083 0.14337473 0.1373078  0.13171132
 0.12652423 0.12169791 0.11719283 0.11297628 0.10902081 0.10530311
 0.10180319 0.09850376 0.09538973 0.09244786 0.08966646 0.08703516
 0.0845447  0.08218681 0.07995404 0.07783968 0.07583767 0.07394252
 0.07214922 0.07045324 0.06885042 0.067337   0.06590951 0.06456479
 0.06329994 0.06211233 0.06099952 0.0599593  0.05898965 0.0580887
 0.05725479 0.05648637 0.05578205 0.05514059 0.05456085 0.05404184
 0.05358266 0.05318254 0.0528408  0.05255687 0.05233029 0.05216068
 0.05204776 0.05199134 0.05199134 0.05204776 0.05216068 0.05233029
 0.05255687 0.0528408  0.05318254 0.05358266 0.05404184 0.05456085
 0.05514059 0.05578205 0.05648637 0.05725479 0.0580887  0.05898965
 0.0599593  0.06099952 0.06211233 0.06329994 0.06456479 0.06590951
 0.067337   0.06885042 0.07045324 0.07214922 0.07394252 0.07583767
 0.07783968 0.07995404 0.08218681 0.0845447  0.08703516 0.08966646
 0.09244786 0.09538973 0.09850376 0.10180319 0.10530311 0.10902081
 0.11297628 0.11719283 0.12169791 0.12652423 0.13171132 0.1373078
 0.14337473 0.14999083 0.15726117 0.16533271]
[0.15853701 0.15092433 0.14402169 0.13770955 0.13189962 0.12652423
 0.12152994 0.11687361 0.11251976 0.10843877 0.10460559 0.10099883
 0.09760001 0.09439308 0.09136399 0.08850035 0.0857912  0.08322677
 0.08079833 0.07849805 0.07631888 0.07425445 0.07229899 0.07044727
 0.06869452 0.0670364  0.06546895 0.06398855 0.06259189 0.06127592
 0.06003788 0.05887522 0.05778561 0.05676692 0.05581719 0.05493465
 0.05411766 0.05336476 0.0526746  0.05204597 0.05147778 0.05096907
 0.05051898 0.05012675 0.04979174 0.04951339 0.04929125 0.04912496
 0.04901425 0.04895894 0.04895894 0.04901425 0.04912496 0.04929125
 0.04951339 0.04979174 0.05012675 0.05051898 0.05096907 0.05147778
 0.05204597 0.0526746  0.05336476 0.05411766 0.05493465 0.05581719
 0.05676692 0.05778561 0.05887522 0.06003788 0.06127592 0.06259189
 0.06398855 0.06546895 0.0670364  0.06869452 0.07044727 0.07229899
 0.07425445 0.07631888 0.07849805 0.08079833 0.08322677 0.0857912
 0.08850035 0.09136399 0.09439308 0.09760001 0.10099883 0.10460559
 0.10843877 0.11251976 0.11687361 0.12152994 0.12652423 0.13189962
 0.13770955 0.14402169 0.15092433 0.15853701]
[0.1523439  0.14511058 0.13851841 0.13246684 0.12687981 0.12169791
 0.11687361 0.11236806 0.10814904 0.10418943 0.10046617 0.09695943
 0.09365203 0.09052895 0.08757703 0.08478461 0.08214134 0.07963799
 0.07726629 0.07501878 0.07288877 0.07087019 0.06895751 0.06714575
 0.06543033 0.0638071  0.06227226 0.06082233 0.05945413 0.05816473
 0.05695147 0.05581189 0.05474374 0.05374497 0.0528137  0.0519482
 0.0511469  0.05040838 0.04973134 0.04911461 0.04855714 0.04805799
 0.04761633 0.04723143 0.04690266 0.04662949 0.04641148 0.04624827
 0.04613961 0.04608532 0.04608532 0.04613961 0.04624827 0.04641148
 0.04662949 0.04690266 0.04723143 0.04761633 0.04805799 0.04855714
 0.04911461 0.04973134 0.05040838 0.0511469  0.0519482  0.0528137
 0.05374497 0.05474374 0.05581189 0.05695147 0.05816473 0.05945413
 0.06082233 0.06227226 0.0638071  0.06543033 0.06714575 0.06895751
 0.07087019 0.07288877 0.07501878 0.07726629 0.07963799 0.08214134
 0.08478461 0.08757703 0.09052895 0.09365203 0.09695943 0.10046617
 0.10418943 0.10814904 0.11236806 0.11687361 0.12169791 0.12687981
 0.13246684 0.13851841 0.14511058 0.1523439 ]
[0.14665797 0.13974541 0.13342    0.12759502 0.12220362 0.11719283
 0.11251976 0.10814904 0.1040511  0.10020091 0.09657705 0.093161
 0.08993669 0.08689001 0.08400853 0.08128123 0.0786983  0.07625098
 0.07393137 0.07173239 0.06964763 0.06767128 0.06579806 0.06402317
 0.06234224 0.06075126 0.05924659 0.05782486 0.05648301 0.05521823
 0.05402793 0.05290975 0.05186152 0.05088124 0.0499671  0.04911743
 0.04833071 0.04760556 0.04694071 0.04633505 0.04578754 0.04529728
 0.04486346 0.04448538 0.04416242 0.04389407 0.04367989 0.04351955
 0.0434128  0.04335947 0.04335947 0.0434128  0.04351955 0.04367989
 0.04389407 0.04416242 0.04448538 0.04486346 0.04529728 0.04578754
 0.04633505 0.04694071 0.04760556 0.04833071 0.04911743 0.0499671
 0.05088124 0.05186152 0.05290975 0.05402793 0.05521823 0.05648301
 0.05782486 0.05924659 0.06075126 0.06234224 0.06402317 0.06579806
 0.06767128 0.06964763 0.07173239 0.07393137 0.07625098 0.0786983
 0.08128123 0.08400853 0.08689001 0.08993669 0.093161   0.09657705
 0.10020091 0.1040511  0.10814904 0.11251976 0.11719283 0.12220362
 0.12759502 0.13342    0.13974541 0.14665797]
[0.14140784 0.1347712  0.12867816 0.12305248 0.11783447 0.11297628
 0.10843877 0.10418943 0.10020091 0.09644991 0.09291639 0.089583
 0.08643457 0.08345779 0.08064087 0.07797334 0.07544588 0.07305012
 0.07077852 0.0686243  0.06658132 0.064644   0.06280728 0.06106653
 0.05941754 0.05785646 0.05637976 0.0549842  0.05366682 0.0524249
 0.05125594 0.05015766 0.04912795 0.04816488 0.04726668 0.04643174
 0.04565859 0.04494589 0.04429241 0.04369705 0.04315883 0.04267686
 0.04225035 0.04187862 0.04156108 0.04129721 0.04108662 0.04092896
 0.04082399 0.04077154 0.04077154 0.04082399 0.04092896 0.04108662
 0.04129721 0.04156108 0.04187862 0.04225035 0.04267686 0.04315883
 0.04369705 0.04429241 0.04494589 0.04565859 0.04643174 0.04726668
 0.04816488 0.04912795 0.05015766 0.05125594 0.0524249  0.05366682
 0.0549842  0.05637976 0.05785646 0.05941754 0.06106653 0.06280728
 0.064644   0.06658132 0.0686243  0.07077852 0.07305012 0.07544588
 0.07797334 0.08064087 0.08345779 0.08643457 0.089583   0.09291639
 0.09644991 0.10020091 0.10418943 0.10843877 0.11297628 0.11783447
 0.12305248 0.12867816 0.1347712  0.14140784]
[0.13653822 0.13014213 0.12425376 0.11880502 0.11374194 0.10902081
 0.10460559 0.10046617 0.09657705 0.09291639 0.08946537 0.08620761
 0.08312876 0.08021617 0.07745863 0.07484617 0.07236987 0.07002171
 0.06779449 0.06568168 0.06367739 0.06177624 0.05997336 0.05826429
 0.05664496 0.05511166 0.05366096 0.05228974 0.05099513 0.0497745
 0.04862542 0.04754567 0.04653322 0.04558618 0.04470285 0.04388166
 0.04312117 0.04242009 0.04177721 0.04119148 0.04066192 0.04018769
 0.03976801 0.03940222 0.03908973 0.03883007 0.03862282 0.03846766
 0.03836435 0.03831274 0.03831274 0.03836435 0.03846766 0.03862282
 0.03883007 0.03908973 0.03940222 0.03976801 0.04018769 0.04066192
 0.04119148 0.04177721 0.04242009 0.04312117 0.04388166 0.04470285
 0.04558618 0.04653322 0.04754567 0.04862542 0.0497745  0.05099513
 0.05228974 0.05366096 0.05511166 0.05664496 0.05826429 0.05997336
 0.06177624 0.06367739 0.06568168 0.06779449 0.07002171 0.07236987
 0.07484617 0.07745863 0.08021617 0.08312876 0.08620761 0.08946537
 0.09291639 0.09657705 0.10046617 0.10460559 0.10902081 0.11374194
 0.11880502 0.12425376 0.13014213 0.13653822]
[0.13200509 0.125821   0.12011453 0.1148241  0.10990039 0.10530311
 0.10099883 0.09695943 0.093161   0.089583   0.08620761 0.08301932
 0.08000448 0.07715104 0.0744483  0.07188671 0.06945771 0.06715363
 0.06496753 0.06289313 0.06092475 0.0590572  0.05728578 0.05560618
 0.05401446 0.05250701 0.05108054 0.04973201 0.04845863 0.04725785
 0.04612732 0.04506487 0.04406853 0.04313648 0.04226704 0.04145869
 0.04071004 0.04001981 0.03938685 0.03881012 0.03828867 0.03782168
 0.03740839 0.03704815 0.0367404  0.03648466 0.03628054 0.03612773
 0.03602598 0.03597514 0.03597514 0.03602598 0.03612773 0.03628054
 0.03648466 0.0367404  0.03704815 0.03740839 0.03782168 0.03828867
 0.03881012 0.03938685 0.04001981 0.04071004 0.04145869 0.04226704
 0.04313648 0.04406853 0.04506487 0.04612732 0.04725785 0.04845863
 0.04973201 0.05108054 0.05250701 0.05401446 0.05560618 0.05728578
 0.0590572  0.06092475 0.06289313 0.06496753 0.06715363 0.06945771
 0.07188671 0.0744483  0.07715104 0.08000448 0.08301932 0.08620761
 0.089583   0.093161   0.09695943 0.10099883 0.10530311 0.10990039
 0.1148241  0.12011453 0.125821   0.13200509]
[0.12777259 0.12177702 0.11623345 0.11108559 0.10628798 0.10180319
 0.09760001 0.09365203 0.08993669 0.08643457 0.08312876 0.08000448
 0.07704872 0.07424994 0.07159789 0.06908342 0.06669829 0.06443512
 0.06228722 0.06024852 0.05831354 0.05647728 0.05473516 0.05308301
 0.05151703 0.05003371 0.04862985 0.0473025  0.04604896 0.04486673
 0.04375353 0.04270726 0.041726   0.04080796 0.03995152 0.03915519
 0.03841762 0.03773756 0.03711388 0.03654558 0.03603173 0.03557152
 0.03516421 0.03480918 0.03450587 0.03425381 0.03405263 0.033902
 0.03380171 0.03375161 0.03375161 0.03380171 0.033902   0.03405263
 0.03425381 0.03450587 0.03480918 0.03516421 0.03557152 0.03603173
 0.03654558 0.03711388 0.03773756 0.03841762 0.03915519 0.03995152
 0.04080796 0.041726   0.04270726 0.04375353 0.04486673 0.04604896
 0.0473025  0.04862985 0.05003371 0.05151703 0.05308301 0.05473516
 0.05647728 0.05831354 0.06024852 0.06228722 0.06443512 0.06669829
 0.06908342 0.07159789 0.07424994 0.07704872 0.08000448 0.08312876
 0.08643457 0.08993669 0.09365203 0.09760001 0.10180319 0.10628798
 0.11108559 0.11623345 0.12177702 0.12777259]
[0.12381108 0.11798439 0.11258761 0.10756887 0.10288591 0.09850376
 0.09439308 0.09052895 0.08689001 0.08345779 0.08021617 0.07715104
 0.07424994 0.0715018  0.06889678 0.06642605 0.06408169 0.06185656
 0.05974421 0.05773877 0.05583493 0.05402783 0.05231306 0.05068655
 0.04914461 0.04768384 0.04630112 0.04499358 0.04375858 0.04259372
 0.04149675 0.04046563 0.03949848 0.03859357 0.03774931 0.03696425
 0.03623706 0.03556654 0.03495157 0.03439118 0.03388445 0.0334306
 0.03302891 0.03267877 0.03237962 0.03213102 0.03193258 0.03178402
 0.0316851  0.03163568 0.03163568 0.0316851  0.03178402 0.03193258
 0.03213102 0.03237962 0.03267877 0.03302891 0.0334306  0.03388445
 0.03439118 0.03495157 0.03556654 0.03623706 0.03696425 0.03774931
 0.03859357 0.03949848 0.04046563 0.04149675 0.04259372 0.04375858
 0.04499358 0.04630112 0.04768384 0.04914461 0.05068655 0.05231306
 0.05402783 0.05583493 0.05773877 0.05974421 0.06185656 0.06408169
 0.06642605 0.06889678 0.0715018  0.07424994 0.07715104 0.08021617
 0.08345779 0.08689001 0.09052895 0.09439308 0.09850376 0.10288591
 0.10756887 0.11258761 0.11798439 0.12381108]
[0.12009564 0.11442117 0.1091574  0.10425614 0.09967787 0.09538973
 0.09136399 0.08757703 0.08400853 0.08064087 0.07745863 0.0744483
 0.07159789 0.06889678 0.06633546 0.06390542 0.06159902 0.05940935
 0.05733015 0.05535574 0.05348097 0.05170112 0.0500119  0.04840936
 0.04688992 0.04545024 0.04408731 0.04279832 0.04158071 0.04043212
 0.03935036 0.03833345 0.03737954 0.03648694 0.03565411 0.03487962
 0.03416218 0.03350061 0.03289382 0.03234085 0.03184082 0.03139294
 0.03099653 0.03065097 0.03035573 0.03011038 0.02991453 0.0297679
 0.02967027 0.02962149 0.02962149 0.02967027 0.0297679  0.02991453
 0.03011038 0.03035573 0.03065097 0.03099653 0.03139294 0.03184082
 0.03234085 0.03289382 0.03350061 0.03416218 0.03487962 0.03565411
 0.03648694 0.03737954 0.03833345 0.03935036 0.04043212 0.04158071
 0.04279832 0.04408731 0.04545024 0.04688992 0.04840936 0.0500119
 0.05170112 0.05348097 0.05535574 0.05733015 0.05940935 0.06159902
 0.06390542 0.06633546 0.06889678 0.07159789 0.0744483  0.07745863
 0.08064087 0.08400853 0.08757703 0.09136399 0.09538973 0.09967787
 0.10425614 0.1091574  0.11442117 0.12009564]
[0.1166051  0.11106856 0.10592586 0.10113193 0.09664962 0.09244786
 0.08850035 0.08478461 0.08128123 0.07797334 0.07484617 0.07188671
 0.06908342 0.06642605 0.06390542 0.06151332 0.05924232 0.05708573
 0.05503749 0.05309208 0.05124449 0.04949013 0.04782483 0.04624474
 0.04474636 0.04332646 0.04198208 0.04071049 0.03950918 0.03837585
 0.03730837 0.03630479 0.03536331 0.03448228 0.03366018 0.03289563
 0.03218735 0.03153418 0.03093508 0.03038909 0.02989535 0.02945309
 0.02906164 0.02872039 0.02842883 0.02818653 0.02799312 0.02784831
 0.02775189 0.02770371 0.02770371 0.02775189 0.02784831 0.02799312
 0.02818653 0.02842883 0.02872039 0.02906164 0.02945309 0.02989535
 0.03038909 0.03093508 0.03153418 0.03218735 0.03289563 0.03366018
 0.03448228 0.03536331 0.03630479 0.03730837 0.03837585 0.03950918
 0.04071049 0.04198208 0.04332646 0.04474636 0.04624474 0.04782483
 0.04949013 0.05124449 0.05309208 0.05503749 0.05708573 0.05924232
 0.06151332 0.06390542 0.06642605 0.06908342 0.07188671 0.07484617
 0.07797334 0.08128123 0.08478461 0.08850035 0.09244786 0.09664962
 0.10113193 0.10592586 0.11106856 0.11660509]
[0.11332126 0.10791028 0.10287822 0.09818271 0.09378862 0.08966646
 0.0857912  0.08214134 0.0786983  0.07544588 0.07236987 0.06945771
 0.06669829 0.06408169 0.06159902 0.05924232 0.05700439 0.05487873
 0.05285944 0.05094117 0.04911902 0.04738854 0.04574564 0.0441866
 0.04270797 0.04130662 0.03997965 0.03872438 0.03753838 0.03641939
 0.03536532 0.03437427 0.03344447 0.03257431 0.03176231 0.0310071
 0.03030743 0.02966218 0.0290703  0.02853088 0.02804305 0.02760608
 0.0272193  0.02688211 0.02659402 0.02635459 0.02616346 0.02602037
 0.02592509 0.02587748 0.02587748 0.02592509 0.02602037 0.02616346
 0.02635459 0.02659402 0.02688211 0.0272193  0.02760608 0.02804305
 0.02853088 0.0290703  0.02966218 0.03030743 0.0310071  0.03176231
 0.03257431 0.03344447 0.03437427 0.03536532 0.03641939 0.03753838
 0.03872438 0.03997965 0.04130662 0.04270797 0.0441866  0.04574564
 0.04738854 0.04911902 0.05094117 0.05285944 0.05487873 0.05700439
 0.05924232 0.06159902 0.06408169 0.06669829 0.06945771 0.07236987
 0.07544588 0.0786983  0.08214134 0.0857912  0.08966646 0.09378862
 0.09818271 0.10287822 0.10791028 0.11332126]
[0.11022837 0.10493213 0.10000153 0.09539652 0.09108377 0.08703516
 0.08322677 0.07963799 0.07625098 0.07305012 0.07002171 0.06715363
 0.06443512 0.06185656 0.05940935 0.05708573 0.05487873 0.05278201
 0.05078983 0.04889698 0.04709868 0.04539058 0.04376871 0.04222941
 0.04076933 0.03938539 0.03807476 0.03683484 0.03566323 0.03455771
 0.03351625 0.03253698 0.03161817 0.03075824 0.02995573 0.02920931
 0.02851775 0.02787994 0.02729487 0.02676163 0.02627938 0.02584738
 0.02546499 0.02513163 0.0248468  0.02461007 0.02442111 0.02427963
 0.02418542 0.02413835 0.02413835 0.02418542 0.02427963 0.02442111
 0.02461007 0.0248468  0.02513163 0.02546499 0.02584738 0.02627938
 0.02676163 0.02729487 0.02787994 0.02851775 0.02920931 0.02995573
 0.03075824 0.03161817 0.03253698 0.03351625 0.03455771 0.03566323
 0.03683484 0.03807476 0.03938539 0.04076933 0.04222941 0.04376871
 0.04539058 0.04709868 0.04889698 0.05078983 0.05278201 0.05487873
 0.05708573 0.05940935 0.06185656 0.06443512 0.06715363 0.07002171
 0.07305012 0.07625098 0.07963799 0.08322677 0.08703516 0.09108377
 0.09539652 0.10000153 0.10493213 0.11022837]
[0.1073127  0.10212166 0.09728437 0.09276281 0.08852521 0.0845447
 0.08079833 0.07726629 0.07393137 0.07077852 0.06779449 0.06496753
 0.06228722 0.05974421 0.05733015 0.05503749 0.05285944 0.05078983
 0.04882307 0.04695404 0.04517811 0.04349103 0.04188889 0.04036813
 0.03892547 0.0375579  0.03626264 0.03503714 0.03387906 0.03278621
 0.03175662 0.03078843 0.02987997 0.02902966 0.02823609 0.02749794
 0.02681402 0.02618323 0.02560457 0.02507715 0.02460015 0.02417284
 0.0237946  0.02346484 0.02318308 0.0229489  0.02276197 0.02262201
 0.02252881 0.02248225 0.02248225 0.02252881 0.02262201 0.02276197
 0.0229489  0.02318308 0.02346484 0.0237946  0.02417284 0.02460015
 0.02507715 0.02560457 0.02618323 0.02681402 0.02749794 0.02823609
 0.02902966 0.02987997 0.03078843 0.03175662 0.03278621 0.03387906
 0.03503714 0.03626264 0.0375579  0.03892547 0.04036813 0.04188889
 0.04349103 0.04517811 0.04695404 0.04882307 0.05078983 0.05285944
 0.05503749 0.05733015 0.05974421 0.06228722 0.06496753 0.06779449
 0.07077852 0.07393137 0.07726629 0.08079833 0.0845447  0.08852521
 0.09276281 0.09728437 0.10212166 0.1073127 ]
[0.10456217 0.09946785 0.09471658 0.09027215 0.08610415 0.08218681
 0.07849805 0.07501878 0.07173239 0.0686243  0.06568168 0.06289313
 0.06024852 0.05773877 0.05535574 0.05309208 0.05094117 0.04889698
 0.04695404 0.04510738 0.04335246 0.0416851  0.0401015  0.03859817
 0.03717188 0.0358197  0.0345389  0.03332697 0.03218161 0.0311007
 0.03008227 0.02912452 0.02822579 0.02738456 0.02659941 0.02586906
 0.02519233 0.02456814 0.02399552 0.02347359 0.02300154 0.02257866
 0.02220431 0.02187795 0.02159909 0.02136732 0.0211823  0.02104378
 0.02095153 0.02090545 0.02090545 0.02095153 0.02104378 0.0211823
 0.02136732 0.02159909 0.02187795 0.02220431 0.02257866 0.02300154
 0.02347359 0.02399552 0.02456814 0.02519233 0.02586906 0.02659941
 0.02738456 0.02822579 0.02912452 0.03008227 0.0311007  0.03218161
 0.03332697 0.0345389  0.0358197  0.03717188 0.03859817 0.0401015
 0.0416851  0.04335246 0.04510738 0.04695404 0.04889698 0.05094117
 0.05309208 0.05535574 0.05773877 0.06024852 0.06289313 0.06568168
 0.0686243  0.07173239 0.07501878 0.07849805 0.08218681 0.08610415
 0.09027215 0.09471658 0.09946785 0.10456217]
[0.1019661  0.09696093 0.09228916 0.08791613 0.08381269 0.07995404
 0.07631888 0.07288877 0.06964763 0.06658132 0.06367739 0.06092475
 0.05831354 0.05583493 0.05348097 0.05124449 0.04911902 0.04709868
 0.04517811 0.04335246 0.04161726 0.03996844 0.03840227 0.03691532
 0.03550443 0.03416673 0.03289952 0.03170037 0.03056699 0.02949731
 0.0284894  0.02754148 0.02665193 0.02581923 0.02504202 0.02431902
 0.02364906 0.02303111 0.02246419 0.02194743 0.02148004 0.02106133
 0.02069067 0.02036751 0.02009138 0.01986187 0.01967867 0.01954149
 0.01945015 0.01940451 0.01940451 0.01945015 0.01954149 0.01967867
 0.01986187 0.02009138 0.02036751 0.02069067 0.02106133 0.02148004
 0.02194743 0.02246419 0.02303111 0.02364906 0.02431902 0.02504202
 0.02581923 0.02665193 0.02754148 0.0284894  0.02949731 0.03056699
 0.03170037 0.03289952 0.03416673 0.03550443 0.03691532 0.03840227
 0.03996844 0.04161726 0.04335246 0.04517811 0.04709868 0.04911902
 0.05124449 0.05348097 0.05583493 0.05831354 0.06092475 0.06367739
 0.06658132 0.06964763 0.07288877 0.07631888 0.07995404 0.08381269
 0.08791613 0.09228916 0.09696093 0.1019661 ]
[0.09951502 0.09459219 0.089994   0.0856872  0.08164374 0.07783968
 0.07425445 0.07087019 0.06767128 0.064644   0.06177624 0.0590572
 0.05647728 0.05402783 0.05170112 0.04949013 0.04738854 0.04539058
 0.04349103 0.0416851  0.03996844 0.03833705 0.03678726 0.03531572
 0.03391933 0.03259525 0.03134084 0.03015371 0.02903162 0.02797252
 0.02697451 0.02603586 0.02515495 0.0243303  0.02356056 0.02284449
 0.02218093 0.02156884 0.02100729 0.02049541 0.02003242 0.01961764
 0.01925045 0.01893031 0.01865676 0.0184294  0.0182479  0.018112
 0.0180215  0.01797629 0.01797629 0.0180215  0.018112   0.0182479
 0.0184294  0.01865676 0.01893031 0.01925045 0.01961764 0.02003242
 0.02049541 0.02100729 0.02156884 0.02218093 0.02284449 0.02356056
 0.0243303  0.02515495 0.02603586 0.02697451 0.02797252 0.02903162
 0.03015371 0.03134084 0.03259525 0.03391933 0.03531572 0.03678726
 0.03833705 0.03996844 0.0416851  0.04349103 0.04539058 0.04738854
 0.04949013 0.05170112 0.05402783 0.05647728 0.0590572  0.06177624
 0.064644   0.06767128 0.07087019 0.07425445 0.07783968 0.08164374
 0.0856872  0.089994   0.09459219 0.09951502]
[0.09720048 0.09235383 0.08782386 0.08357857 0.07959088 0.07583767
 0.07229899 0.06895751 0.06579806 0.06280728 0.05997336 0.05728578
 0.05473516 0.05231306 0.0500119  0.04782483 0.04574564 0.04376871
 0.04188889 0.0401015  0.03840227 0.03678726 0.03525289 0.03379585
 0.03241309 0.03110183 0.02985948 0.02868367 0.0275722  0.02652307
 0.02553439 0.02460446 0.0237317  0.02291464 0.02215195 0.0214424
 0.02078487 0.02017832 0.01962183 0.01911455 0.01865571 0.01824464
 0.01788072 0.01756344 0.01729231 0.01706697 0.01688707 0.01675238
 0.01666268 0.01661787 0.01661787 0.01666268 0.01675238 0.01688707
 0.01706697 0.01729231 0.01756344 0.01788072 0.01824464 0.01865571
 0.01911455 0.01962183 0.02017832 0.02078487 0.0214424  0.02215195
 0.02291464 0.0237317  0.02460446 0.02553439 0.02652307 0.0275722
 0.02868367 0.02985948 0.03110183 0.03241309 0.03379585 0.03525289
 0.03678726 0.03840227 0.0401015  0.04188889 0.04376871 0.04574564
 0.04782483 0.0500119  0.05231306 0.05473516 0.05728578 0.05997336
 0.06280728 0.06579806 0.06895751 0.07229899 0.07583767 0.07959088
 0.08357857 0.08782386 0.09235383 0.09720048]
[0.09501493 0.09023886 0.08577221 0.08158409 0.07764833 0.07394252
 0.07044727 0.06714575 0.06402317 0.06106653 0.05826429 0.05560618
 0.05308301 0.05068655 0.04840936 0.04624474 0.0441866  0.04222941
 0.04036813 0.03859817 0.03691532 0.03531572 0.03379585 0.03235244
 0.03098252 0.02968333 0.02845232 0.02728717 0.02618571 0.02514596
 0.02416608 0.02324437 0.02237928 0.02156937 0.02081333 0.02010993
 0.01945808 0.01885675 0.01830503 0.01780209 0.01734716 0.01693959
 0.01657876 0.01626416 0.01599533 0.01577189 0.01559351 0.01545995
 0.01537101 0.01532658 0.01532658 0.01537101 0.01545995 0.01559351
 0.01577189 0.01599533 0.01626416 0.01657876 0.01693959 0.01734716
 0.01780209 0.01830503 0.01885675 0.01945808 0.02010993 0.02081333
 0.02156937 0.02237928 0.02324437 0.02416608 0.02514596 0.02618571
 0.02728717 0.02845232 0.02968333 0.03098252 0.03235244 0.03379585
 0.03531572 0.03691532 0.03859817 0.04036813 0.04222941 0.0441866
 0.04624474 0.04840936 0.05068655 0.05308301 0.05560618 0.05826429
 0.06106653 0.06402317 0.06714575 0.07044727 0.07394252 0.07764833
 0.08158409 0.08577221 0.09023886 0.09501493]
[0.09295155 0.08824095 0.08383313 0.07969822 0.07581084 0.07214922
 0.06869452 0.06543033 0.06234224 0.05941754 0.05664496 0.05401446
 0.05151703 0.04914461 0.04688992 0.04474636 0.04270797 0.04076933
 0.03892547 0.03717188 0.03550443 0.03391933 0.03241309 0.03098252
 0.02962467 0.02833683 0.02711651 0.0259614  0.02486936 0.02383845
 0.02286684 0.02195288 0.02109502 0.02029185 0.01954207 0.01884447
 0.01819797 0.01760156 0.01705434 0.01655549 0.01610425 0.01569997
 0.01534206 0.01502999 0.01476332 0.01454167 0.01436473 0.01423224
 0.01414401 0.01409993 0.01409993 0.01414401 0.01423224 0.01436473
 0.01454167 0.01476332 0.01502999 0.01534206 0.01569997 0.01610425
 0.01655549 0.01705434 0.01760156 0.01819797 0.01884447 0.01954207
 0.02029185 0.02109502 0.02195288 0.02286684 0.02383845 0.02486936
 0.0259614  0.02711651 0.02833683 0.02962467 0.03098252 0.03241309
 0.03391933 0.03550443 0.03717188 0.03892547 0.04076933 0.04270797
 0.04474636 0.04688992 0.04914461 0.05151703 0.05401446 0.05664496
 0.05941754 0.06234224 0.06543033 0.06869452 0.07214922 0.07581084
 0.07969822 0.08383313 0.08824095 0.09295155]
[0.09100422 0.08635441 0.08200128 0.07791591 0.07407362 0.07045324
 0.0670364  0.0638071  0.06075126 0.05785646 0.05511166 0.05250701
 0.05003371 0.04768384 0.04545024 0.04332646 0.04130662 0.03938539
 0.0375579  0.0358197  0.03416673 0.03259525 0.03110183 0.02968333
 0.02833683 0.02705968 0.02584941 0.02470374 0.02362058 0.02259798
 0.02163418 0.02072751 0.01987646 0.01907963 0.01833574 0.01764361
 0.01700215 0.01641038 0.0158674  0.0153724  0.01492464 0.01452347
 0.0141683  0.01385862 0.01359399 0.01337403 0.01319843 0.01306695
 0.01297939 0.01293565 0.01293565 0.01297939 0.01306695 0.01319843
 0.01337403 0.01359399 0.01385862 0.0141683  0.01452347 0.01492464
 0.0153724  0.0158674  0.01641038 0.01700215 0.01764361 0.01833574
 0.01907963 0.01987646 0.02072751 0.02163418 0.02259798 0.02362058
 0.02470374 0.02584941 0.02705968 0.02833683 0.02968333 0.03110183
 0.03259525 0.03416673 0.0358197  0.0375579  0.03938539 0.04130662
 0.04332646 0.04545024 0.04768384 0.05003371 0.05250701 0.05511166
 0.05785646 0.06075126 0.0638071  0.0670364  0.07045324 0.07407362
 0.07791591 0.08200128 0.08635441 0.09100422]
[0.08916742 0.08457407 0.08027182 0.07623257 0.07243232 0.06885042
 0.06546895 0.06227226 0.05924659 0.05637976 0.05366096 0.05108054
 0.04862985 0.04630112 0.04408731 0.04198208 0.03997965 0.03807476
 0.03626264 0.0345389  0.03289952 0.03134084 0.02985948 0.02845232
 0.02711651 0.02584941 0.02464859 0.02351181 0.02243699 0.02142223
 0.02046576 0.01956595 0.01872131 0.01793046 0.01719212 0.01650513
 0.01586842 0.01528101 0.01474203 0.01425065 0.01380617 0.01340792
 0.01305534 0.01274791 0.01248519 0.01226683 0.0120925  0.01196197
 0.01187505 0.01183162 0.01183162 0.01187505 0.01196197 0.0120925
 0.01226683 0.01248519 0.01274791 0.01305534 0.01340792 0.01380617
 0.01425065 0.01474203 0.01528101 0.01586842 0.01650513 0.01719212
 0.01793046 0.01872131 0.01956595 0.02046576 0.02142223 0.02243699
 0.02351181 0.02464859 0.02584941 0.02711651 0.02845232 0.02985948
 0.03134084 0.03289952 0.0345389  0.03626264 0.03807476 0.03997965
 0.04198208 0.04408731 0.04630112 0.04862985 0.05108054 0.05366096
 0.05637976 0.05924659 0.06227226 0.06546895 0.06885042 0.07243232
 0.07623257 0.08027182 0.08457407 0.08916742]
[0.08743614 0.08289524 0.07864034 0.07464405 0.07088299 0.067337
 0.06398855 0.06082233 0.05782486 0.0549842  0.05228974 0.04973201
 0.0473025  0.04499358 0.04279832 0.04071049 0.03872438 0.03683484
 0.03503714 0.03332697 0.03170037 0.03015371 0.02868367 0.02728717
 0.0259614  0.02470374 0.02351181 0.02238338 0.0213164  0.020309
 0.01935943 0.01846609 0.01762748 0.01684224 0.01610912 0.01542697
 0.01479473 0.01421144 0.01367621 0.01318825 0.01274684 0.01235135
 0.0120012  0.01169588 0.01143498 0.01121811 0.01104498 0.01091534
 0.01082902 0.01078589 0.01078589 0.01082902 0.01091534 0.01104498
 0.01121811 0.01143498 0.01169588 0.0120012  0.01235135 0.01274684
 0.01318825 0.01367621 0.01421144 0.01479473 0.01542697 0.01610912
 0.01684224 0.01762748 0.01846609 0.01935943 0.020309   0.0213164
 0.02238338 0.02351181 0.02470374 0.0259614  0.02728717 0.02868367
 0.03015371 0.03170037 0.03332697 0.03503714 0.03683484 0.03872438
 0.04071049 0.04279832 0.04499358 0.0473025  0.04973201 0.05228974
 0.0549842  0.05782486 0.06082233 0.06398855 0.067337   0.07088299
 0.07464405 0.07864034 0.08289524 0.08743614]
[0.08580583 0.08131368 0.07710281 0.07314654 0.06942201 0.06590951
 0.06259189 0.05945413 0.05648301 0.05366682 0.05099513 0.04845863
 0.04604896 0.04375858 0.04158071 0.03950918 0.03753838 0.03566323
 0.03387906 0.03218161 0.03056699 0.02903162 0.0275722  0.02618571
 0.02486936 0.02362058 0.02243699 0.0213164  0.0202568  0.01925632
 0.01831324 0.01742595 0.01659301 0.01581306 0.01508485 0.01440725
 0.01377921 0.01319977 0.01266808 0.01218333 0.01174482 0.01135192
 0.01100405 0.01070073 0.01044152 0.01022607 0.01005406 0.00992527
 0.0098395  0.00979665 0.00979665 0.0098395  0.00992527 0.01005406
 0.01022607 0.01044152 0.01070073 0.01100405 0.01135192 0.01174482
 0.01218333 0.01266808 0.01319977 0.01377921 0.01440725 0.01508485
 0.01581306 0.01659301 0.01742595 0.01831324 0.01925632 0.0202568
 0.0213164  0.02243699 0.02362058 0.02486936 0.02618571 0.0275722
 0.02903162 0.03056699 0.03218161 0.03387906 0.03566323 0.03753838
 0.03950918 0.04158071 0.04375858 0.04604896 0.04845863 0.05099513
 0.05366682 0.05648301 0.05945413 0.06259189 0.06590951 0.06942201
 0.07314654 0.07710281 0.08131368 0.08580583]
[0.08427236 0.0798255  0.07565559 0.07173656 0.06804606 0.06456479
 0.06127592 0.05816473 0.05521823 0.0524249  0.0497745  0.04725785
 0.04486673 0.04259372 0.04043212 0.03837585 0.03641939 0.03455771
 0.03278621 0.0311007  0.02949731 0.02797252 0.02652307 0.02514596
 0.02383845 0.02259798 0.02142223 0.020309   0.01925632 0.01826233
 0.01732533 0.01644375 0.01561612 0.01484113 0.01411753 0.0134442
 0.0128201  0.01224429 0.01171591 0.01123418 0.0107984  0.01040792
 0.01006221 0.00976076 0.00950315 0.00928902 0.00911807 0.00899006
 0.00890482 0.00886223 0.00886223 0.00890482 0.00899006 0.00911807
 0.00928902 0.00950315 0.00976076 0.01006221 0.01040792 0.0107984
 0.01123418 0.01171591 0.01224429 0.0128201  0.0134442  0.01411753
 0.01484113 0.01561612 0.01644375 0.01732533 0.01826233 0.01925632
 0.020309   0.02142223 0.02259798 0.02383845 0.02514596 0.02652307
 0.02797252 0.02949731 0.0311007  0.03278621 0.03455771 0.03641939
 0.03837585 0.04043212 0.04259372 0.04486673 0.04725785 0.0497745
 0.0524249  0.05521823 0.05816473 0.06127592 0.06456479 0.06804606
 0.07173656 0.07565559 0.0798255  0.08427236]
[0.08283199 0.07842718 0.07429533 0.07041095 0.06675213 0.06329994
 0.06003788 0.05695147 0.05402793 0.05125594 0.04862542 0.04612732
 0.04375353 0.04149675 0.03935036 0.03730837 0.03536532 0.03351625
 0.03175662 0.03008227 0.0284894  0.02697451 0.02553439 0.02416608
 0.02286684 0.02163418 0.02046576 0.01935943 0.01831324 0.01732533
 0.01639404 0.01551779 0.01469515 0.0139248  0.01320553 0.0125362
 0.01191581 0.0113434  0.01081813 0.01033923 0.00990599 0.0095178
 0.0091741  0.00887441 0.00861829 0.00840541 0.00823545 0.00810818
 0.00802343 0.00798109 0.00798109 0.00802343 0.00810818 0.00823545
 0.00840541 0.00861829 0.00887441 0.0091741  0.0095178  0.00990599
 0.01033923 0.01081813 0.0113434  0.01191581 0.0125362  0.01320553
 0.0139248  0.01469515 0.01551779 0.01639404 0.01732533 0.01831324
 0.01935943 0.02046576 0.02163418 0.02286684 0.02416608 0.02553439
 0.02697451 0.0284894  0.03008227 0.03175662 0.03351625 0.03536532
 0.03730837 0.03935036 0.04149675 0.04375353 0.04612732 0.04862542
 0.05125594 0.05402793 0.05695147 0.06003788 0.06329994 0.06675213
 0.07041095 0.07429533 0.07842718 0.08283199]
[0.0814813  0.0771155  0.073019   0.06916681 0.06553745 0.06211233
 0.05887522 0.05581189 0.05290975 0.05015766 0.04754567 0.04506487
 0.04270726 0.04046563 0.03833345 0.03630479 0.03437427 0.03253698
 0.03078843 0.02912452 0.02754148 0.02603586 0.02460446 0.02324437
 0.02195288 0.02072751 0.01956595 0.01846609 0.01742595 0.01644375
 0.01551779 0.01464654 0.01382857 0.01306257 0.01234734 0.01168177
 0.01106484 0.01049562 0.00997326 0.00949701 0.00906616 0.00868011
 0.00833829 0.00804024 0.00778553 0.0075738  0.00740477 0.0072782
 0.00719392 0.00715181 0.00715181 0.00719392 0.0072782  0.00740477
 0.0075738  0.00778553 0.00804024 0.00833829 0.00868011 0.00906616
 0.00949701 0.00997326 0.01049562 0.01106484 0.01168177 0.01234734
 0.01306257 0.01382857 0.01464654 0.01551779 0.01644375 0.01742595
 0.01846609 0.01956595 0.02072751 0.02195288 0.02324437 0.02460446
 0.02603586 0.02754148 0.02912452 0.03078843 0.03253698 0.03437427
 0.03630479 0.03833345 0.04046563 0.04270726 0.04506487 0.04754567
 0.05015766 0.05290975 0.05581189 0.05887522 0.06211233 0.06553745
 0.06916681 0.073019   0.0771155  0.0814813 ]
[0.08021719 0.07588753 0.07182381 0.0680015  0.0643995  0.06099952
 0.05778561 0.05474374 0.05186152 0.04912795 0.04653322 0.04406853
 0.041726   0.03949848 0.03737954 0.03536331 0.03344447 0.03161817
 0.02987997 0.02822579 0.02665193 0.02515495 0.0237317  0.02237928
 0.02109502 0.01987646 0.01872131 0.01762748 0.01659301 0.01561612
 0.01469515 0.01382857 0.01301496 0.01225304 0.01154159 0.01087952
 0.01026582 0.00969957 0.00917994 0.00870616 0.00827755 0.00789349
 0.00755345 0.00725693 0.00700353 0.00679289 0.00662473 0.00649881
 0.00641495 0.00637306 0.00637306 0.00641495 0.00649881 0.00662473
 0.00679289 0.00700353 0.00725693 0.00755345 0.00789349 0.00827755
 0.00870616 0.00917994 0.00969957 0.01026582 0.01087952 0.01154159
 0.01225304 0.01301496 0.01382857 0.01469515 0.01561612 0.01659301
 0.01762748 0.01872131 0.01987646 0.02109502 0.02237928 0.0237317
 0.02515495 0.02665193 0.02822579 0.02987997 0.03161817 0.03344447
 0.03536331 0.03737954 0.03949848 0.041726   0.04406853 0.04653322
 0.04912795 0.05186152 0.05474374 0.05778561 0.06099952 0.0643995
 0.0680015  0.07182381 0.07588753 0.08021719]
[0.07903682 0.07474059 0.07070722 0.06691259 0.06333595 0.0599593
 0.05676692 0.05374497 0.05088124 0.04816488 0.04558618 0.04313648
 0.04080796 0.03859357 0.03648694 0.03448228 0.03257431 0.03075824
 0.02902966 0.02738456 0.02581923 0.0243303  0.02291464 0.02156937
 0.02029185 0.01907963 0.01793046 0.01684224 0.01581306 0.01484113
 0.0139248  0.01306257 0.01225304 0.0114949  0.01078697 0.01012817
 0.00951749 0.00895402 0.00843693 0.00796546 0.00753893 0.00715674
 0.00681833 0.00652325 0.00627107 0.00606145 0.00589409 0.00576878
 0.00568533 0.00564363 0.00564363 0.00568533 0.00576878 0.00589409
 0.00606145 0.00627107 0.00652325 0.00681833 0.00715674 0.00753893
 0.00796546 0.00843693 0.00895402 0.00951749 0.01012817 0.01078697
 0.0114949  0.01225304 0.01306257 0.0139248  0.01484113 0.01581306
 0.01684224 0.01793046 0.01907963 0.02029185 0.02156937 0.02291464
 0.0243303  0.02581923 0.02738456 0.02902966 0.03075824 0.03257431
 0.03448228 0.03648694 0.03859357 0.04080796 0.04313648 0.04558618
 0.04816488 0.05088124 0.05374497 0.05676692 0.0599593  0.06333595
 0.06691259 0.07070722 0.07474059 0.07903682]
[0.07793762 0.07367227 0.06966693 0.06589789 0.06234471 0.05898965
 0.05581719 0.0528137  0.0499671  0.04726668 0.04470285 0.04226704
 0.03995152 0.03774931 0.03565411 0.03366018 0.03176231 0.02995573
 0.02823609 0.02659941 0.02504202 0.02356056 0.02215195 0.02081333
 0.01954207 0.01833574 0.01719212 0.01610912 0.01508485 0.01411753
 0.01320553 0.01234734 0.01154159 0.01078697 0.01008233 0.00942656
 0.00881869 0.0082578  0.00774307 0.00727375 0.00684916 0.00646869
 0.00613182 0.00583807 0.00558703 0.00537835 0.00521175 0.00508699
 0.00500392 0.00496241 0.00496241 0.00500392 0.00508699 0.00521175
 0.00537835 0.00558703 0.00583807 0.00613182 0.00646869 0.00684916
 0.00727375 0.00774307 0.0082578  0.00881869 0.00942656 0.01008233
 0.01078697 0.01154159 0.01234734 0.01320553 0.01411753 0.01508485
 0.01610912 0.01719212 0.01833574 0.01954207 0.02081333 0.02215195
 0.02356056 0.02504202 0.02659941 0.02823609 0.02995573 0.03176231
 0.03366018 0.03565411 0.03774931 0.03995152 0.04226704 0.04470285
 0.04726668 0.0499671  0.0528137  0.05581719 0.05898965 0.06234471
 0.06589789 0.06966693 0.07367227 0.07793762]
[0.07691725 0.07268033 0.06870083 0.06495539 0.06142385 0.0580887
 0.05493465 0.0519482  0.04911743 0.04643174 0.04388166 0.04145869
 0.03915519 0.03696425 0.03487962 0.03289563 0.0310071  0.02920931
 0.02749794 0.02586906 0.02431902 0.02284449 0.0214424  0.02010993
 0.01884447 0.01764361 0.01650513 0.01542697 0.01440725 0.0134442
 0.0125362  0.01168177 0.01087952 0.01012817 0.00942656 0.00877362
 0.00816835 0.00760985 0.00709731 0.00662997 0.00620718 0.00582832
 0.00549287 0.00520035 0.00495037 0.00474256 0.00457666 0.00445243
 0.0043697  0.00432837 0.00432837 0.0043697  0.00445243 0.00457666
 0.00474256 0.00495037 0.00520035 0.00549287 0.00582832 0.00620718
 0.00662997 0.00709731 0.00760985 0.00816835 0.00877362 0.00942656
 0.01012817 0.01087952 0.01168177 0.0125362  0.0134442  0.01440725
 0.01542697 0.01650513 0.01764361 0.01884447 0.02010993 0.0214424
